###### Camera Calibration File For Cam 0 of Euroc Datasets ######
# USB LEFT
image_width: 1280
image_height: 720
camera_name: cam0
camera_matrix:
  rows: 3
  cols: 3
  data: [1040.18139185305, 0.0, 480.71670670962186, 0.0, 1019.2824810665909, 330.6013939518183, 0.0, 0.0, 1.0]
distortion_model: plumb_bob
distortion_coefficients:
  rows: 1
  cols: 5
  data: [0.16699147992241428, -0.1374671126389468, -0.013481580300400886, -0.056774940623130835, 0.0]


#('D = ', [0.16699147992241428, -0.1374671126389468, -0.013481580300400886, -0.056774940623130835, 0.0])
#('K = ', [1040.18139185305, 0.0, 480.71670670962186, 0.0, 1019.2824810665909, 330.6013939518183, 0.0, 0.0, 1.0])
#('R = ', [1.0, 0.0, 0.0, 0.0, 1.0, 0.0, 0.0, 0.0, 1.0])
#('P = ', [1016.8856811523438, 0.0, 418.1790484420071, 0.0, 0.0, 1101.0242919921875, 324.60642167233163, 0.0, 0.0, 0.0, 1.0, 0.0])
#None
# oST version 5.0 parameters
#
#
# [image]
#
# width
# 1280
#
# height
# 720
#
# [narrow_stereo]
#
# camera matrix
# 1040.181392 0.000000 480.716707
# 0.000000 1019.282481 330.601394
# 0.000000 0.000000 1.000000
#
# distortion
# 0.166991 -0.137467 -0.013482 -0.056775 0.000000
#
# rectification
# 1.000000 0.000000 0.000000
# 0.000000 1.000000 0.000000
# 0.000000 0.000000 1.000000
#
# projection
# 1016.885681 0.000000 418.179048 0.000000
# 0.000000 1101.024292 324.606422 0.000000
# 0.000000 0.000000 1.000000 0.000000
#
