###### Camera Calibration File For Cam 0 of Euroc Datasets ######
# USB LEFT
image_width: 672
image_height: 376
camera_name: cam0
camera_matrix:
  rows: 3
  cols: 3
  data: [351.0545266005114, 0.0, 356.19249877427666, 0.0, 351.0545266005114, 191.63204785529481, 0.0, 0.0, 1.0]
distortion_model: plumb_bob
distortion_coefficients:
  rows: 1
  cols: 5
  data:  [-0.16437929, 0.0213456, 0.00019359, 1.76187114e-05, 0.0]

###### Original output from /usb_cam/left/camera_info ######
#header: 
#seq: 9413
#stamp: 
#secs: 1519536174
#nsecs: 327651870
#frame_id: "camera"
#height: 376
#width: 672
#distortion_model: "plumb_bob"
#D: [-0.16437929290599532, 0.021345606467456806, 0.0, 0.0, 0.0]
#K: [351.0545266005114, 0.0, 356.19249877427666, 0.0, 351.0545266005114, 191.63204785529481, 0.0, 0.0, 1.0]
#R: [0.9978650625862644, -0.038343455644471267, -0.05286867010764528, 0.03858692945763021, 0.9992487915376723, 0.0035918637965929516, 0.05269123024510277, -0.0056242350361509885, 0.9985950141251035]
#P: [359.2929248904484, 0.0, 401.4061164855957, 0.0, 0.0, 359.2929248904484, 185.6399745941162, 0.0, 0.0, 0.0, 1.0, 0.0]
#binning_x: 0
#binning_y: 0
#roi: 
#x_offset: 0
#y_offset: 0
#height: 0
#width: 0
#do_rectify: False
#
