###### Camera Calibration File For Cam 1 of Euroc Datasets ######
# USB RIGHT
image_width: 672
image_height: 376
camera_name: cam1
camera_matrix:
  rows: 3
  cols: 3
  data: [352.46445851322903, 0.0, 334.3284052939067, 0.0, 352.46445851322903, 177.00908913460017, 0.0, 0.0, 1.0]
distortion_model: plumb_bob
distortion_coefficients:
  rows: 1
  cols: 5
  data: [-0.1671213401124717, 0.02327896172440597, 0.00019359, 1.6756323e-05, 0.0]

###### Original output from /usb_cam/right/camera_info ######
#header: 
#seq: 8946
#stamp: 
#secs: 1519536164
#nsecs: 889781992
#frame_id: "camera"
#height: 376
#width: 672
#distortion_model: "plumb_bob"
#D: [-0.1671213401124717, 0.02327896172440597, 0.0, 0.0, 0.0]
#K: [352.46445851322903, 0.0, 334.3284052939067, 0.0, 352.46445851322903, 177.00908913460017, 0.0, 0.0, 1.0]
#R: [0.995984347452031, -0.04089583206801766, -0.07964113604172542, 0.04052784103273374, 0.9991589730116945, -0.006232234867321159, 0.07982902812747741, 0.0029795250763312965, 0.9968041175168479]
#P: [359.2929248904484, 0.0, 401.4061164855957, -43.1151509869, 0.0, 359.2929248904484, 185.6399745941162, 0.0, 0.0, 0.0, 1.0, 0.0]
#binning_x: 0
#binning_y: 0
#roi: 
#x_offset: 0
#y_offset: 0
#height: 0
#width: 0
#do_rectify: False

